92,35
0,273
0,270
3,2
10,297
10,206
10,144
10,235
10,233
10,102
10,193
10,2
11,6
9,7
9,1
9,5
9,2
9,3
8,8
8,7
8,12
8,16
8,4
8,10
87,4
87,3
87,2
87,1
87,0
85,5
85,4
85,3
85,2
85,1
85,0
84,4
84,3
84,2
84,1
84,0
83,4
83,3
83,2
83,1
83,0
82,4
82,3
82,2
82,1
82,0
81,3
81,2
81,1
81,0
20,3
20,2
20,1
19,3
19,2
19,1
18,1
18,3
12,3
12,2
12,1
11,30
14,1
11,29
14,3
11,28
13,1
11,27
13,3
11,26
11,25
11,23
11,21
11,20
11,19
11,16
11,15
11,14
11,13
11,12
11,9
11,8
11,7
11,5
11,4
11,3
11,2
11,1
10,311
10,306
10,294
10,286
10,284
10,276
10,272
10,264
10,261
10,255
10,248
10,221
10,217
10,194
10,188
10,169
