107,1
107,3
103,1
103,3
106,1
106,3
109,2
3,1
3,3
10,68
10,28
10,182
10,296
10,77
10,259
10,25
11,22
8,7
8,13
8,16
8,17
8,2
8,3
109,4
109,3
109,1
104,4
104,3
104,2
104,1
12,3
12,2
12,1
11,30
11,29
11,28
11,27
11,26
11,25
11,24
11,23
11,21
11,20
11,19
11,16
11,15
11,14
11,13
11,12
11,11
11,9
11,8
20,2
11,7
11,6
20,1
11,5
20,3
11,4
11,3
11,2
11,1
10,313
10,311
10,309
19,2
19,1
10,306
19,3
10,298
10,297
10,294
10,286
10,285
10,284
10,276
10,272
10,264
10,261
10,255
10,248
10,235
10,233
10,221
10,217
10,215
10,211
10,206
10,204
10,194
10,193
10,190
10,188
10,181
10,169
10,130
18,1
10,93
18,3
10,87
10,66
10,23
14,1
14,3
10,17
13,1
13,3
10,11
10,3
10,2
10,1
9,7
9,6
9,5
9,4
